5.420893246187365
5.397021276595744
5.3333624454148465
5.337036247334754
5.235811403508772
5.1730717488789235
5.172219626168224
5.198380281690142
5.143142857142857
4.990645933014354
5.061761904761905
5.026758793969849
5.101271820448877
5.129445843828715
5.097712082262212
5.052109589041096
5.058964577656676
5.0572451790633615
5.077298050139275
5.128520547945205
5.158027777777777
5.169429347826087
5.17772602739726
5.198381502890173
5.144164222873901
5.134404761904762
5.157657657657658
5.077515151515152
5.1019266055045875
5.158792569659442
5.125
5.096437125748503
4.92015625
4.891677419354839
4.875463576158941
4.912122186495177
4.944466019417476
5.000771704180064
5.0526582278481005
4.963260188087774
4.940975609756098
4.823148148148148
4.78391167192429
4.782298136645962
4.839384615384615
4.905722891566265
4.87654970760234
4.893782991202347
4.9784795321637425
4.9313392857142855
4.912438271604938
4.860648967551621
4.835786350148368
4.842877906976745
4.796167146974064
4.8230199430199425
4.9103611111111105
4.962633053221289
4.974245014245015
5.105564971751412
5.157233429394813
5.353700564971752
5.4290331491712704
5.469419889502762
5.531885245901639
5.509168975069251
5.593417366946778
5.647295081967214
5.642125984251969
5.719425
5.781610576923076
5.881295843520783
5.962815533980582
6.014278846153845
6.084333333333333
6.083806146572104
6.062261904761905
6.053937947494033
6.0299766899766905
5.980950118764846
5.963176470588235
5.929070904645476
5.859297820823245
5.857163814180929
5.818039702233251
5.83915458937198
5.9054651162790694
5.903341067285383
5.8865
5.859448441247003
5.862536945812808
5.8265365853658535
5.8501157407407405
5.925704545454545
5.864695259593679
5.856613272311213
5.859539170506912
5.8370135746606335
5.748175675675677
5.7697986577181215
5.829820627802691
5.899202586206896
5.9118589743589745
5.962426160337552
5.974688796680497
5.984288702928871
5.93709327548807
5.931786492374727
5.985076923076923
6.021808035714286
5.968946188340806
6.010581655480983
6.026736111111112
5.964917647058824
6.0832863849765255
6.142204176334107
6.142866972477064
6.216278538812785
6.345844748858448
6.384604966139955
6.330734966592428
6.286659038901602
6.266244343891402
6.240546697038724
6.268387096774193
6.327316513761468
6.261693002257336
6.245881006864989
6.26246013667426
6.285823927765237
6.3512694877505576
6.406289592760181
6.421689814814815
6.4852834467120175
6.487688888888889
6.4160491071428565
6.406238938053098
6.383050108932461
6.340440528634361
6.405076586433261
6.389127516778523
6.419181415929203
6.523114035087719
6.483095238095238
6.5054334038054975
6.433718487394958
6.48951476793249
6.572893081761006
6.576563146997929
6.598985801217038
6.620603621730382
6.611265060240964
6.6059362549800795
6.611102362204724
6.579170040485829
6.605722891566265
6.627061224489796
6.653492723492724
6.681739130434782
6.644832635983264
6.710183299389002
6.713354166666667
6.707430406852248
6.738383620689655
6.7083842794759825
6.770238095238096
6.82
6.802344086021506
6.7904751619870405
6.722866666666667
6.6984140969163
6.707768052516411
6.72487012987013
6.663063063063064
6.661622222222223
6.7106473214285725
6.726746203904556
6.738222698072806
6.770063829787234
6.776172043010753
6.779782608695652
6.787869198312236
6.80407949790795
6.835359342915811
6.888289205702648
6.881560574948666
6.859635627530365
6.866401590457257
6.8888910891089115
6.9306361829025835
6.920502008032128
6.886438631790745
6.8859514170040494
6.9041633466135455
6.953399209486165
6.925960396039604
6.894141414141414
6.892293762575452
6.909417670682732
6.8842632612966606
